-143 280 120 
-143 280 120 
-143 280 120 
-143 280 120 
-143 280 120 
-143 280 120 
-143 280 120 
-143 280 120 
-143 280 120 
-143 280 120 
-143 280 120 
-143 280 120 
-143 280 120 
-143 280 120 
-143 280 120 
-143 280 120 
-143 280 120 
-143 280 120 
-143 280 120 
-143 280 120 
-143 280 120 
-143 280 120 
-143 280 120 
-143 280 120 
-143 280 120 
-143 280 120 
-143 280 120 
-143 280 120 
-143 280 120 
-143 280 120 
-143 280 120 
-143 280 120 
-143 280 120 
-143 280 120 
-143 280 120 
-143 280 120 
-143 280 120 
-143 280 120 
-143 280 120 
-143 280 120 
-143 280 120 
-143 280 120 
-143 280 120 
-143 280 120 
-143 280 120 
-143 280 120 
-143 280 120 
-143 280 120 
-143 280 120 
-143 280 120 
-143 280 120 
-143 280 120 
-143 280 120 
-143 280 120 
-143 280 120 
-143 280 120 
-143 280 120 
-143 280 120 
-143 280 120 
-143 280 120 
-143 280 120 
-143 280 120 
-143 280 120 
-143 280 120 
-143 280 120 
-143 280 120 
-143 280 120 
-143 280 120 
-143 280 120 
-143 280 120 
-143 280 120 
-143 280 120 
-143 280 120 
-143 280 120 
-143 280 120 
-143 280 120 
-143 280 120 
-143 280 120 
-143 280 120 
-143 280 120 
-143 280 120 
-143 280 120 
-143 280 120 
-143 280 120 
-143 280 120 
-143 280 120 
-143 280 120 
-143 280 120 
-143 280 120 
-143 280 120 
-143 280 120 
-143 280 120 
-143 280 120 
-143 280 120 
-143 280 120 
-143 280 120 
-143 280 120 
-143 280 120 
-143 280 120 
-143 280 120 
-143 280 119.992 
-143 280 119.975 
-143 280 119.941 
-143 280 119.908 
-143 280 119.862 
-143 280 119.795 
-143 280 119.733 
-143 280 119.637 
-143 280 119.525 
-143 280 119.384 
-143 280 119.249 
-143 280 119.148 
-143 280 119.042 
-143 280 118.892 
-143 280 118.703 
-143 280 118.545 
-143 280 118.338 
-143 280 118.102 
-143 280 117.914 
-143 280 117.661 
-143 280 117.486 
-143 280 117.278 
-143 280 117.028 
-143 280 116.798 
-143 280 116.482 
-143 280 116.26 
-143 280 115.952 
-143 280 115.664 
-143 280 115.296 
-143 280 115.034 
-143 280 114.674 
-143 280 114.281 
-143 280 113.981 
-143 280 113.574 
-143 280 113.141 
-143 280 112.842 
-143 280 112.476 
-143 280 112.086 
-143 280 111.61 
-143 280 111.28 
-143 280 111.016 
-143 280 110.707 
-143 280 110.393 
-143 280 110.08 
-143 280 109.802 
-143 280 109.526 
-143 280 109.31 
-143 280 109.086 
-143 280 108.844 
-143 280 108.668 
-143 280 108.463 
-143.002 280 108.241 
-143.004 280 108.064 
-143.01 280 107.819 
-143.015 280 107.621 
-143.021 280 107.418 
-143.031 280 107.14 
-143.039 280 106.923 
-143.053 280 106.605 
-143.069 280 106.268 
-143.08 280 106.05 
-143.095 280 105.761 
-143.116 280 105.398 
-143.131 280 105.13 
-143.154 280 104.748 
-143.175 280 104.422 
-143.203 280 104.019 
-143.224 280 103.726 
-143.252 280 103.37 
-143.288 280 102.938 
-143.314 280 102.625 
-143.361 280 102.115 
-143.39 280 101.802 
-143.427 280 101.423 
-143.479 280 100.906 
-143.517 280 100.549 
-143.557 280 100.17 
-143.616 280 99.6377 
-143.667 280 99.1856 
-143.719 280 98.7336 
-143.796 280 98.0688 
-143.84 280 97.6929 
-143.892 280 97.253 
-143.965 280 96.6338 
-144.027 280 96.1202 
-144.085 280 95.6344 
-144.155 280 95.0542 
-144.235 280 94.4017 
-144.292 280 93.9367 
-144.351 280 93.462 
-144.436 280 92.7792 
-144.499 280 92.2675 
-144.589 280 91.5499 
-144.654 280 91.036 
-144.721 280 90.51 
-144.804 280 89.8552 
-144.895 280 89.1446 
-144.97 280 88.5587 
-145.067 280 87.8065 
-145.143 280 87.2142 
-145.23 280 86.5447 
-145.335 280 85.7395 
-145.41 280 85.1658 
-145.494 280 84.5276 
-145.602 280 83.7067 
-145.69 280 83.0438 
-145.788 280 82.3052 
-145.908 280 81.398 
-145.996 280 80.7417 
-146.123 280 79.7929 
-146.218 280 79.0802 
-146.329 280 78.2557 
-146.418 280 77.6004 
-146.532 280 76.7564 
-146.655 280 75.8487 
-146.769 280 75.0121 
-146.906 280 74.0037 
-147.008 280 73.257 
-147.126 280 72.3956 
-147.253 280 71.4744 
-147.359 280 70.7043 
-147.481 280 69.8158 
-147.603 280 68.924 
-147.721 280 68.054 
-147.83 280 67.2528 
-147.976 280 66.1624 
-148.12 280 65.0833 
-148.233 280 64.2336 
-148.389 280 63.0531 
-148.496 280 62.2379 
-148.626 280 61.2404 
-148.777 280 60.0765 
-148.939 280 58.8183 
-149.045 280 57.9872 
-149.204 280 56.7337 
-149.317 280 55.8354 
-149.457 280 54.706 
-149.556 280 53.9001 
-149.663 280 53.0078 
-149.803 280 51.8176 
-149.917 280 50.8401 
-150.074 280 49.448 
-150.175 280 48.5432 
-150.32 280 47.2042 
-150.449 280 46.0019 
-150.558 280 44.9566 
-150.651 280 44.059 
-150.759 280 42.9865 
-150.901 280 41.5559 
-151 280 40.556 
-151.129 280 39.2463 
-151.26 280 37.9263 
-151.359 280 36.9271 
-151.489 280 35.6157 
-151.585 280 34.6437 
-151.669 280 33.7954 
-151.771 280 32.7574 
-151.889 280 31.5694 
-151.974 280 30.7082 
-152.058 280 29.857 
-152.153 280 28.9004 
-152.243 280 27.9896 
-152.337 280 27.0386 
-152.452 280 25.8719 
-152.524 280 25.1476 
-152.613 280 24.2538 
-152.712 280 23.2483 
-152.79 280 22.4574 
-152.871 280 21.6469 
-152.962 280 20.7216 
-153.037 280 19.9363 
-153.123 280 18.9962 
-153.206 280 18.0432 
-153.269 280 17.3083 
-153.347 280 16.3388 
-153.406 280 15.5879 
-153.471 280 14.722 
-153.532 280 13.874 
-153.602 280 12.8569 
-153.659 280 11.9846 
-153.731 280 10.829 
-153.777 280 10.0675 
-153.84 280 8.95877 
-153.888 280 8.08819 
-153.948 280 6.89667 
-153.987 280 6.11071 
-154.033 280 5.11967 
-154.084 280 3.94142 
-154.122 280 3.02991 
-154.169 280 1.8114 
-154.212 280 0.603004 
-154.243 280 -0.29797 
-154.282 280 -1.53738 
-154.319 280 -2.83298 
-154.339 280 -3.60874 
-154.361 280 -4.47795 
-154.382 280 -5.34632 
-154.411 280 -6.70159 
-154.428 280 -7.61628 
-154.452 280 -8.98919 
-154.467 280 -10.0126 
-154.485 280 -11.3507 
-154.496 280 -12.3327 
-154.51 280 -13.7073 
-154.518 280 -14.7151 
-154.528 280 -15.9713 
-154.538 280 -17.35 
-154.544 280 -18.3376 
-154.551 280 -19.5167 
-154.557 280 -20.9423 
-154.562 280 -22.1299 
-154.565 280 -23.0867 
-154.568 280 -24.2185 
-154.571 280 -25.6996 
-154.573 280 -26.8535 
-154.573 280 -28.3752 
-154.573 280 -29.5815 
-154.572 280 -31.1062 
-154.571 280 -32.2351 
-154.571 280 -33.7569 
-154.571 280 -34.8108 
-154.571 280 -36.0608 
-154.571 280 -37.6111 
-154.571 280 -38.7762 
-154.571 280 -40.043 
-154.571 280 -41.0208 
-154.571 280 -42.1525 
-154.571 280 -43.5968 
-154.571 280 -44.8339 
-154.571 280 -45.9576 
-154.571 280 -46.9763 
-154.572 280 -47.8866 
-154.573 280 -48.9457 
-154.576 280 -50.4613 
-154.58 280 -51.9532 
-154.583 280 -53.0665 
-154.586 280 -54.4725 
-154.589 280 -55.5455 
-154.591 280 -56.5804 
-154.595 280 -57.9791 
-154.597 280 -59.0302 
-154.6 280 -59.9189 
-154.602 280 -60.7789 
-154.604 280 -61.7294 
-154.607 280 -63.0624 
-154.611 280 -63.9869 
-154.619 280 -65.3003 
-154.625 280 -66.225 
-154.637 280 -67.5569 
-154.648 280 -68.5658 
-154.668 280 -70.1486 
-154.686 280 -71.4677 
-154.702 280 -72.465 
-154.718 280 -73.4674 
-154.746 280 -74.9842 
-154.763 280 -75.8584 
-154.784 280 -76.871 
-154.815 280 -78.2675 
-154.839 280 -79.3063 
-154.867 280 -80.4275 
-154.893 280 -81.4488 
-154.926 280 -82.6948 
-154.966 280 -84.1113 
-154.999 280 -85.2446 
-155.034 280 -86.3993 
-155.077 280 -87.7525 
-155.119 280 -89.0403 
-155.161 280 -90.3043 
-155.212 280 -91.8113 
-155.251 280 -92.9244 
-155.304 280 -94.4307 
-155.35 280 -95.7349 
-155.408 280 -97.3498 
-155.447 280 -98.4333 
-155.493 280 -99.7226 
-155.537 280 -100.97 
-155.583 280 -102.264 
-155.621 280 -103.324 
-155.66 280 -104.414 
-155.71 280 -105.814 
-155.748 280 -106.866 
-155.799 280 -108.303 
-155.832 280 -109.237 
-155.88 280 -110.568 
-155.914 280 -111.531 
-155.957 280 -112.74 
-156.001 280 -113.968 
-156.034 280 -114.881 
-156.073 280 -115.989 
-156.113 280 -117.113 
-156.146 280 -118.019 
-156.186 280 -119.166 
-156.228 280 -120.326 
-156.257 280 -121.152 
-156.291 280 -122.084 
-156.325 280 -123.045 
-156.359 280 -123.99 
-156.397 280 -124.994 
-156.431 280 -125.914 
-156.465 280 -126.794 
-156.51 280 -127.92 
-156.546 280 -128.818 
-156.588 280 -129.872 
-156.625 280 -130.751 
-156.668 280 -131.78 
-156.714 280 -132.876 
-156.759 280 -133.918 
-156.804 280 -134.954 
-156.857 280 -136.144 
-156.896 280 -137.015 
-156.955 280 -138.299 
-156.996 280 -139.202 
-157.046 280 -140.279 
-157.106 280 -141.557 
-157.152 280 -142.527 
-157.215 280 -143.858 
-157.252 280 -144.653 
-157.295 280 -145.572 
-157.352 280 -146.769 
-157.405 280 -147.908 
-157.443 280 -148.708 
-157.484 280 -149.581 
-157.537 280 -150.707 
-157.575 280 -151.518 
-157.618 280 -152.435 
-157.657 280 -153.248 
-157.706 280 -154.302 
-157.742 280 -155.056 
-157.785 280 -155.965 
-157.828 280 -156.893 
-157.873 280 -157.854 
-157.918 280 -158.801 
-157.95 280 -159.475 
-157.989 280 -160.318 
-158.022 280 -161.002 
-158.055 280 -161.72 
-158.088 280 -162.407 
-158.125 280 -163.194 
-158.151 280 -163.753 
-158.176 280 -164.271 
-158.212 280 -165.038 
-158.235 280 -165.637 
-158.256 280 -166.424 
-158.267 280 -166.971 
-158.275 280 -167.786 
-158.276 280 -168.417 
-158.278 280 -169.29 
-158.28 280 -170.036 
-158.281 280 -170.573 
-158.282 280 -171.182 
-158.283 280 -171.929 
-158.284 280 -172.404 
-158.285 280 -172.987 
-158.286 280 -173.435 
-158.287 280 -173.84 
-158.288 280 -174.321 
-158.289 280 -174.832 
-158.29 280 -175.308 
-158.291 280 -175.794 
-158.292 280 -176.308 
-158.287 280 -176.668 
-158.276 280 -177.052 
-158.249 280 -177.62 
-158.211 280 -178.171 
-158.174 280 -178.612 
-158.129 280 -179.069 
-158.077 280 -179.534 
-158.006 280 -180.075 
-157.905 280 -180.748 
-157.844 280 -181.129 
-157.765 280 -181.584 
-157.684 280 -182.019 
-157.607 280 -182.414 
-157.502 280 -182.917 
-157.335 280 -183.657 
-157.242 280 -184.064 
-157.128 280 -184.57 
-156.999 280 -185.138 
-156.92 280 -185.488 
-156.829 280 -185.889 
-156.715 280 -186.393 
-156.607 280 -186.869 
-156.529 280 -187.215 
-156.441 280 -187.603 
-156.344 280 -188.031 
-156.266 280 -188.373 
-156.183 280 -188.742 
-156.113 280 -189.05 
-156.032 280 -189.408 
-155.947 280 -189.781 
-155.896 280 -190.009 
-155.848 280 -190.22 
-155.792 280 -190.467 
-155.739 280 -190.702 
-155.687 280 -190.928 
-155.639 280 -191.111 
-155.59 280 -191.272 
-155.52 280 -191.477 
-155.425 280 -191.717 
-155.341 280 -191.913 
-155.251 280 -192.105 
-155.134 280 -192.335 
-155.015 280 -192.55 
-154.858 280 -192.812 
-154.744 280 -192.995 
-154.554 280 -193.274 
-154.414 280 -193.471 
-154.227 280 -193.718 
-154.004 280 -193.994 
-153.836 280 -194.194 
-153.615 280 -194.44 
-153.37 280 -194.699 
-153.179 280 -194.893 
-152.98 280 -195.087 
-152.766 280 -195.288 
-152.51 280 -195.518 
-152.27 280 -195.725 
-151.954 280 -195.985 
-151.724 280 -196.169 
-151.376 280 -196.435 
-151.114 280 -196.629 
-150.805 280 -196.85 
-150.515 280 -197.051 
-150.115 280 -197.317 
-149.7 280 -197.583 
-149.391 280 -197.776 
-148.992 280 -198.017 
-148.608 280 -198.241 
-148.152 280 -198.499 
-147.788 280 -198.7 
-147.296 280 -198.962 
-146.923 280 -199.156 
-146.391 280 -199.424 
-146.027 280 -199.603 
-145.48 280 -199.865 
-145.08 280 -200.052 
-144.52 280 -200.306 
-144.105 280 -200.491 
-143.579 280 -200.72 
-143.136 280 -200.908 
-142.509 280 -201.168 
-142.056 280 -201.352 
-141.484 280 -201.579 
-140.968 280 -201.78 
-140.369 280 -202.007 
-139.697 280 -202.256 
-139.2 280 -202.437 
-138.568 280 -202.661 
-138.003 280 -202.857 
-137.333 280 -203.082 
-136.753 280 -203.273 
-136.111 280 -203.479 
-135.542 280 -203.658 
-134.867 280 -203.865 
-134.081 280 -204.099 
-133.505 280 -204.267 
-132.678 280 -204.501 
-132.116 280 -204.657 
-131.395 280 -204.853 
-130.541 280 -205.079 
-129.852 280 -205.256 
-129.157 280 -205.432 
-128.271 280 -205.65 
-127.588 280 -205.814 
-126.641 280 -206.036 
-126.038 280 -206.175 
-125.263 280 -206.349 
-124.5 280 -206.517 
-123.564 280 -206.718 
-122.789 280 -206.881 
-122.147 280 -207.014 
-121.379 280 -207.169 
-120.539 280 -207.335 
-119.449 280 -207.545 
-118.791 280 -207.67 
-118.031 280 -207.811 
-116.956 280 -208.005 
-115.91 280 -208.189 
-115.243 280 -208.305 
-114.494 280 -208.432 
-113.406 280 -208.614 
-112.304 280 -208.795 
-111.134 280 -208.983 
-110.345 280 -209.109 
-109.477 280 -209.245 
-108.312 280 -209.424 
-107.317 280 -209.575 
-106.14 280 -209.75 
-105.228 280 -209.884 
-103.986 280 -210.063 
-102.959 280 -210.209 
-102.036 280 -210.339 
-101.034 280 -210.478 
-99.8293 280 -210.642 
-98.6134 280 -210.804 
-97.7878 280 -210.914 
-96.4958 280 -211.082 
-95.5384 280 -211.205 
-94.2221 280 -211.372 
-92.9903 280 -211.526 
-92.0603 280 -211.641 
-90.6524 280 -211.814 
-89.699 280 -211.931 
-88.1882 280 -212.115 
-87.2298 280 -212.232 
-85.784 280 -212.407 
-84.7529 280 -212.532 
-83.2135 280 -212.717 
-82.1365 280 -212.846 
-80.8114 280 -213.005 
-79.6703 280 -213.142 
-78.3947 280 -213.295 
-77.4366 280 -213.409 
-76.4825 280 -213.524 
-75.3349 280 -213.661 
-74.1374 280 -213.805 
-73.0004 280 -213.941 
-71.8417 280 -214.08 
-70.7168 280 -214.215 
-69.7903 280 -214.326 
-68.8272 280 -214.441 
-68.0739 280 -214.532 
-66.7379 280 -214.692 
-65.5908 280 -214.829 
-64.8283 280 -214.921 
-64.0404 280 -215.015 
-63.0374 280 -215.135 
-62.013 280 -215.258 
-61.1739 280 -215.359 
-60.1993 280 -215.476 
-59.445 280 -215.566 
-58.5086 280 -215.678 
-57.7326 280 -215.771 
-57.0814 280 -215.849 
-56.5039 280 -215.919 
-55.8548 280 -215.997 
-54.974 280 -216.102 
-54.4315 280 -216.167 
-53.8949 280 -216.231 
-53.3058 280 -216.302 
-52.5483 280 -216.393 
-51.9974 280 -216.459 
-51.3174 280 -216.54 
-50.5422 280 -216.633 
-50.0195 280 -216.696 
-49.4982 280 -216.758 
-48.8255 280 -216.839 
-48.1607 280 -216.919 
-47.7208 280 -216.972 
-47.2756 280 -217.025 
-46.6882 280 -217.095 
-46.2843 280 -217.144 
-45.8217 280 -217.199 
-45.3937 280 -217.251 
-44.9042 280 -217.309 
-44.5394 280 -217.353 
-44.126 280 -217.402 
-43.6529 280 -217.459 
-43.3209 280 -217.499 
-42.8596 280 -217.554 
-42.5444 280 -217.592 
-42.242 280 -217.628 
-41.979 280 -217.66 
-41.7301 280 -217.69 
-41.4919 280 -217.718 
-41.2351 280 -217.749 
-40.9294 280 -217.786 
-40.7171 280 -217.811 
-40.5227 280 -217.834 
-40.3143 280 -217.859 
-40.0942 280 -217.886 
-39.9093 280 -217.908 
-39.7427 280 -217.928 
-39.5572 280 -217.95 
-39.4456 280 -217.964 
-39.2972 280 -217.981 
-39.2011 280 -217.993 
-39.1106 280 -218.004 
-39.0332 280 -218.013 
-38.9544 280 -218.022 
-38.9083 280 -218.028 
-38.8755 280 -218.032 
-38.8586 280 -218.034 
-38.8593 280 -218.034 
-38.8463 280 -218.035 
-38.8524 280 -218.035 
-38.8442 280 -218.036 
-38.8492 280 -218.035 
-38.8393 280 -218.036 
-38.8522 280 -218.035 
-38.84 280 -218.036 
-38.8432 280 -218.036 
-38.8283 280 -218.038 
-38.8347 280 -218.037 
-38.8293 280 -218.037 
-38.8347 280 -218.037 
-38.8227 280 -218.038 
-38.827 280 -218.038 
-38.8143 280 -218.039 
-38.8165 280 -218.039 
-38.801 280 -218.041 
-38.8048 280 -218.04 
-38.7901 280 -218.042 
-38.7917 280 -218.042 
-38.7684 280 -218.045 
-38.7641 280 -218.045 
-38.7719 280 -218.044 
-38.7599 280 -218.046 
-38.7628 280 -218.045 
-38.7536 280 -218.046 
-38.7588 280 -218.046 
-38.75 280 -218.047 
-38.7585 280 -218.046 
-38.7521 280 -218.047 
-38.7586 280 -218.046 
-38.7534 280 -218.046 
-38.7627 280 -218.045 
-38.7578 280 -218.046 
-38.7663 280 -218.045 
-38.7626 280 -218.045 
-38.7706 280 -218.044 
-38.7673 280 -218.045 
-38.7769 280 -218.044 
-38.775 280 -218.044 
-38.784 280 -218.043 
-38.7813 280 -218.043 
-38.7903 280 -218.042 
-38.7861 280 -218.043 
-38.7931 280 -218.042 
-38.7878 280 -218.042 
-38.7961 280 -218.041 
-38.7932 280 -218.042 
-38.8023 280 -218.041 
-38.8002 280 -218.041 
-38.8081 280 -218.04 
-38.806 280 -218.04 
-38.8145 280 -218.039 
-38.8117 280 -218.039 
-38.8209 280 -218.038 
-38.8197 280 -218.039 
-38.8288 280 -218.037 
-38.8279 280 -218.038 
-38.8363 280 -218.037 
-38.8336 280 -218.037 
-38.8411 280 -218.036 
-38.8389 280 -218.036 
-38.8459 280 -218.035 
-38.8436 280 -218.036 
-38.8506 280 -218.035 
-38.8452 280 -218.035 
-38.8502 280 -218.035 
-38.8444 280 -218.036 
-38.851 280 -218.035 
-38.8451 280 -218.036 
-38.8532 280 -218.035 
-38.8476 280 -218.035 
-38.8625 280 -218.033 
-38.8604 280 -218.034 
-38.8734 280 -218.032 
-38.8703 280 -218.032 
-38.8787 280 -218.031 
-38.8627 280 -218.033 
-38.8652 280 -218.033 
-38.8392 280 -218.036 
-38.7977 280 -218.04 
-38.766 280 -218.042 
-38.712 280 -218.045 
-38.6208 280 -218.05 
-38.5641 280 -218.052 
-38.4842 280 -218.056 
-38.3676 280 -218.061 
-38.2664 280 -218.065 
-38.1366 280 -218.07 
-37.9695 280 -218.076 
-37.8549 280 -218.08 
-37.6603 280 -218.087 
-37.4631 280 -218.094 
-37.2451 280 -218.101 
-37.1024 280 -218.106 
-36.9263 280 -218.111 
-36.7466 280 -218.117 
-36.4571 280 -218.126 
-36.2818 280 -218.132 
-35.9758 280 -218.141 
-35.7947 280 -218.146 
-35.4621 280 -218.156 
-35.2523 280 -218.162 
-34.9742 280 -218.171 
-34.6363 280 -218.18 
-34.3838 280 -218.188 
-34.0862 280 -218.196 
-33.7089 280 -218.207 
-33.3969 280 -218.215 
-33.0868 280 -218.224 
-32.7136 280 -218.234 
-32.3745 280 -218.244 
-31.9741 280 -218.255 
-31.5193 280 -218.267 
-31.2014 280 -218.276 
-30.7826 280 -218.287 
-30.4782 280 -218.295 
-30.1109 280 -218.305 
-29.7314 280 -218.316 
-29.2469 280 -218.328 
-28.7797 280 -218.341 
-28.3114 280 -218.353 
-27.8762 280 -218.365 
-27.3146 280 -218.379 
-26.8623 280 -218.391 
-26.3309 280 -218.405 
-25.8196 280 -218.419 
-25.1988 280 -218.435 
-24.7365 280 -218.447 
-24.0889 280 -218.463 
-23.3257 280 -218.483 
-22.8959 280 -218.494 
-22.2049 280 -218.512 
-21.6983 280 -218.525 
-20.9076 280 -218.545 
-20.3666 280 -218.559 
-19.8655 280 -218.571 
-19.1155 280 -218.59 
-18.5597 280 -218.604 
-17.9788 280 -218.619 
-17.1791 280 -218.639 
-16.3661 280 -218.66 
-15.779 280 -218.674 
-15.083 280 -218.692 
-14.409 280 -218.709 
-13.6861 280 -218.727 
-12.9154 280 -218.746 
-12.1475 280 -218.765 
-11.273 280 -218.787 
-10.595 280 -218.804 
-9.65909 280 -218.827 
-8.66583 280 -218.851 
-8.0673 280 -218.866 
-7.36806 280 -218.884 
-6.47683 280 -218.906 
-5.62048 280 -218.927 
-4.84415 280 -218.946 
-4.01731 280 -218.966 
-3.01525 280 -218.991 
-2.27338 280 -219.009 
-1.31264 280 -219.032 
-0.260419 280 -219.058 
0.537022 280 -219.078 
1.59487 280 -219.103 
2.38318 280 -219.123 
3.25386 280 -219.144 
4.2477 280 -219.168 
5.35537 280 -219.195 
6.44517 280 -219.221 
7.17904 280 -219.239 
8.02737 280 -219.26 
9.2175 280 -219.289 
10.1251 280 -219.311 
11.0461 280 -219.333 
11.8823 280 -219.353 
12.8866 280 -219.378 
14.0762 280 -219.406 
15.0086 280 -219.429 
15.9699 280 -219.452 
16.9624 280 -219.476 
18.2702 280 -219.507 
19.2604 280 -219.531 
20.3148 280 -219.557 
21.2388 280 -219.579 
22.547 280 -219.61 
23.8884 280 -219.642 
25.0528 280 -219.67 
26.0765 280 -219.695 
27.4979 280 -219.729 
28.4589 280 -219.752 
29.9282 280 -219.787 
30.8093 280 -219.808 
31.7564 280 -219.83 
32.9446 280 -219.858 
34.3469 280 -219.889 
35.3758 280 -219.911 
36.7448 280 -219.942 
38.0629 280 -219.971 
39.3996 280 -220 
40.7335 280 -220.03 
41.6124 280 -220.049 
42.5879 280 -220.071 
43.8109 280 -220.098 
44.823 280 -220.12 
45.8222 280 -220.142 
46.8906 280 -220.164 
48.0274 280 -220.186 
49.1031 280 -220.206 
50.188 280 -220.224 
51.3321 280 -220.242 
52.4185 280 -220.26 
53.5501 280 -220.277 
54.6477 280 -220.295 
55.8453 280 -220.314 
56.9838 280 -220.332 
57.8231 280 -220.344 
58.8952 280 -220.358 
59.7775 280 -220.369 
60.9993 280 -220.383 
62.2052 280 -220.394 
63.1219 280 -220.402 
64.096 280 -220.41 
65.3855 280 -220.418 
66.3775 280 -220.423 
67.5077 280 -220.429 
68.5915 280 -220.435 
69.7791 280 -220.442 
70.7187 280 -220.447 
71.774 280 -220.452 
72.9052 280 -220.459 
73.7673 280 -220.463 
75.0291 280 -220.47 
76.2713 280 -220.473 
77.0745 280 -220.473 
77.9562 280 -220.472 
79.2813 280 -220.466 
80.1034 280 -220.461 
81.192 280 -220.452 
82.4206 280 -220.439 
83.7789 280 -220.42 
84.5962 280 -220.408 
85.6128 280 -220.391 
86.9599 280 -220.365 
87.8169 280 -220.349 
89.18 280 -220.323 
90.0025 280 -220.307 
91.0329 280 -220.287 
91.8276 280 -220.272 
92.6276 280 -220.256 
93.5824 280 -220.238 
94.6857 280 -220.217 
95.3725 280 -220.204 
96.1032 280 -220.19 
97.1915 280 -220.169 
97.966 280 -220.151 
99.0288 280 -220.122 
99.7418 280 -220.101 
100.877 280 -220.062 
101.682 280 -220.032 
102.802 280 -219.985 
103.91 280 -219.934 
104.746 280 -219.894 
105.896 280 -219.833 
107.167 280 -219.761 
107.946 280 -219.715 
109.144 280 -219.64 
109.942 280 -219.59 
111.235 280 -219.509 
111.982 280 -219.462 
112.918 280 -219.403 
113.832 280 -219.346 
114.641 280 -219.295 
115.698 280 -219.229 
116.389 280 -219.185 
117.332 280 -219.121 
118.246 280 -219.055 
119.148 280 -218.984 
119.85 280 -218.927 
120.735 280 -218.851 
121.873 280 -218.747 
123.008 280 -218.638 
124.048 280 -218.532 
124.863 280 -218.447 
125.783 280 -218.347 
126.748 280 -218.237 
128.157 280 -218.07 
128.92 280 -217.978 
129.772 280 -217.871 
130.822 280 -217.736 
131.955 280 -217.585 
132.76 280 -217.478 
133.923 280 -217.323 
134.762 280 -217.212 
135.888 280 -217.062 
136.653 280 -216.961 
137.722 280 -216.818 
138.8 280 -216.675 
139.582 280 -216.567 
140.692 280 -216.406 
141.42 280 -216.297 
142.303 280 -216.16 
143.432 280 -215.977 
144.372 280 -215.819 
145.184 280 -215.68 
146.315 280 -215.478 
147.156 280 -215.325 
148.3 280 -215.116 
149.012 280 -214.985 
149.815 280 -214.839 
150.914 280 -214.638 
151.678 280 -214.498 
152.764 280 -214.3 
153.438 280 -214.177 
154.255 280 -214.028 
155.186 280 -213.857 
156.038 280 -213.694 
156.706 280 -213.562 
157.516 280 -213.394 
158.492 280 -213.183 
159.212 280 -213.023 
159.947 280 -212.854 
160.633 280 -212.696 
161.518 280 -212.493 
162.412 280 -212.287 
163.237 280 -212.097 
163.815 280 -211.965 
164.725 280 -211.755 
165.367 280 -211.608 
166.227 280 -211.41 
166.767 280 -211.286 
167.588 280 -211.097 
168.177 280 -210.961 
168.884 280 -210.799 
169.433 280 -210.673 
169.965 280 -210.55 
170.713 280 -210.378 
171.248 280 -210.255 
171.774 280 -210.134 
172.43 280 -209.984 
173.039 280 -209.844 
173.486 280 -209.741 
174.072 280 -209.606 
174.474 280 -209.514 
174.892 280 -209.417 
175.428 280 -209.294 
175.923 280 -209.181 
176.469 280 -209.055 
176.768 280 -208.986 
177.092 280 -208.912 
177.534 280 -208.81 
177.863 280 -208.734 
178.124 280 -208.674 
178.421 280 -208.606 
178.78 280 -208.524 
179.038 280 -208.464 
179.382 280 -208.385 
179.576 280 -208.341 
179.843 280 -208.279 
180.092 280 -208.222 
180.257 280 -208.184 
180.448 280 -208.14 
180.628 280 -208.099 
180.774 280 -208.058 
180.969 280 -207.989 
181.098 280 -207.938 
181.263 280 -207.864 
181.408 280 -207.793 
181.589 280 -207.694 
181.776 280 -207.581 
181.905 280 -207.499 
182.125 280 -207.345 
182.316 280 -207.202 
182.503 280 -207.053 
182.679 280 -206.905 
182.903 280 -206.705 
183.066 280 -206.553 
183.296 280 -206.327 
183.516 280 -206.101 
183.736 280 -205.863 
183.967 280 -205.602 
184.203 280 -205.322 
184.36 280 -205.13 
184.592 280 -204.83 
184.763 280 -204.603 
184.915 280 -204.393 
185.153 280 -204.049 
185.324 280 -203.796 
185.555 280 -203.437 
185.724 280 -203.167 
185.973 280 -202.751 
186.132 280 -202.478 
186.334 280 -202.12 
186.542 280 -201.739 
186.768 280 -201.31 
186.978 280 -200.899 
187.167 280 -200.519 
187.367 280 -200.105 
187.573 280 -199.665 
187.809 280 -199.145 
188.056 280 -198.584 
188.204 280 -198.239 
188.394 280 -197.79 
188.572 280 -197.356 
188.767 280 -196.871 
188.972 280 -196.347 
189.171 280 -195.827 
189.349 280 -195.352 
189.597 280 -194.672 
189.748 280 -194.25 
189.942 280 -193.696 
190.173 280 -193.021 
190.338 280 -192.53 
190.538 280 -191.92 
190.731 280 -191.32 
190.934 280 -190.677 
191.112 280 -190.103 
191.343 280 -189.357 
191.485 280 -188.899 
191.655 280 -188.352 
191.785 280 -187.931 
191.939 280 -187.433 
192.063 280 -187.033 
192.218 280 -186.533 
192.388 280 -185.983 
192.503 280 -185.612 
192.679 280 -185.047 
192.82 280 -184.591 
192.982 280 -184.069 
193.076 280 -183.765 
193.225 280 -183.282 
193.315 280 -182.993 
193.444 280 -182.575 
193.527 280 -182.308 
193.638 280 -181.949 
193.719 280 -181.681 
193.818 280 -181.338 
193.931 280 -180.93 
194.003 280 -180.663 
194.083 280 -180.355 
194.187 280 -179.943 
194.296 280 -179.497 
194.399 280 -179.059 
194.475 280 -178.729 
194.566 280 -178.319 
194.663 280 -177.869 
194.767 280 -177.369 
194.841 280 -177.008 
194.949 280 -176.465 
195.057 280 -175.899 
195.124 280 -175.541 
195.198 280 -175.139 
195.296 280 -174.592 
195.373 280 -174.152 
195.475 280 -173.549 
195.547 280 -173.12 
195.639 280 -172.554 
195.736 280 -171.94 
195.85 280 -171.198 
195.937 280 -170.623 
196.007 280 -170.156 
196.097 280 -169.553 
196.189 280 -168.947 
196.246 280 -168.568 
196.309 280 -168.143 
196.394 280 -167.584 
196.455 280 -167.174 
196.516 280 -166.768 
196.577 280 -166.36 
196.64 280 -165.944 
196.704 280 -165.517 
196.777 280 -165.036 
196.816 280 -164.773 
196.86 280 -164.462 
196.913 280 -164.051 
196.972 280 -163.546 
197.004 280 -163.252 
197.052 280 -162.768 
197.086 280 -162.398 
197.129 280 -161.871 
197.165 280 -161.379 
197.189 280 -161.021 
197.216 280 -160.587 
197.246 280 -160.102 
197.274 280 -159.631 
197.294 280 -159.307 
197.317 280 -158.944 
197.342 280 -158.521 
197.362 280 -158.195 
197.382 280 -157.869 
197.402 280 -157.542 
197.42 280 -157.25 
197.437 280 -156.983 
197.449 280 -156.783 
197.461 280 -156.529 
197.472 280 -156.187 
197.477 280 -155.933 
197.48 280 -155.653 
197.478 280 -155.285 
197.475 280 -155.008 
197.465 280 -154.615 
197.451 280 -154.197 
197.433 280 -153.795 
197.417 280 -153.497 
197.39 280 -153.05 
197.36 280 -152.602 
197.336 280 -152.291 
197.308 280 -151.93 
197.265 280 -151.444 
197.229 280 -151.06 
197.19 280 -150.661 
197.131 280 -150.114 
197.087 280 -149.727 
197.026 280 -149.237 
196.947 280 -148.644 
196.895 280 -148.269 
196.828 280 -147.813 
196.742 280 -147.262 
196.663 280 -146.775 
196.577 280 -146.261 
196.494 280 -145.789 
196.379 280 -145.162 
196.296 280 -144.71 
196.215 280 -144.267 
196.126 280 -143.78 
196.036 280 -143.285 
195.943 280 -142.797 
195.84 280 -142.276 
195.747 280 -141.818 
195.633 280 -141.276 
195.518 280 -140.747 
195.387 280 -140.158 
195.285 280 -139.71 
195.158 280 -139.168 
195.03 280 -138.633 
194.89 280 -138.057 
194.76 280 -137.535 
194.631 280 -137.027 
194.483 280 -136.451 
194.349 280 -135.942 
194.139 280 -135.156 
194.007 280 -134.669 
193.861 280 -134.13 
193.677 280 -133.45 
193.548 280 -132.974 
193.399 280 -132.426 
193.266 280 -131.934 
193.115 280 -131.378 
192.978 280 -130.871 
192.824 280 -130.304 
192.725 280 -129.937 
192.561 280 -129.359 
192.439 280 -128.941 
192.258 280 -128.344 
192.138 280 -127.957 
191.989 280 -127.491 
191.818 280 -126.967 
191.643 280 -126.447 
191.48 280 -125.971 
191.268 280 -125.367 
191.038 280 -124.73 
190.808 280 -124.108 
190.634 280 -123.643 
190.378 280 -122.973 
190.121 280 -122.316 
189.885 280 -121.722 
189.657 280 -121.158 
189.424 280 -120.589 
189.131 280 -119.885 
188.84 280 -119.187 
188.632 280 -118.687 
188.435 280 -118.213 
188.187 280 -117.617 
187.977 280 -117.114 
187.74 280 -116.545 
187.564 280 -116.122 
187.33 280 -115.559 
187.102 280 -115.014 
186.935 280 -114.61 
186.715 280 -114.083 
186.575 280 -113.747 
186.354 280 -113.239 
186.191 280 -112.876 
185.961 280 -112.385 
185.798 280 -112.043 
185.543 280 -111.528 
185.272 280 -110.999 
185.054 280 -110.573 
184.875 280 -110.224 
184.605 280 -109.697 
184.459 280 -109.411 
184.205 280 -108.933 
184.035 280 -108.62 
183.764 280 -108.137 
183.551 280 -107.767 
183.254 280 -107.265 
183.027 280 -106.89 
182.766 280 -106.466 
182.48 280 -106.014 
182.222 280 -105.613 
181.881 280 -105.096 
181.526 280 -104.571 
181.272 280 -104.202 
180.974 280 -103.767 
180.675 280 -103.332 
180.414 280 -102.953 
180.149 280 -102.569 
179.853 280 -102.138 
179.625 280 -101.807 
179.349 280 -101.405 
179.161 280 -101.132 
178.951 280 -100.827 
178.719 280 -100.488 
178.531 280 -100.216 
178.358 280 -99.9643 
178.17 280 -99.6911 
178 280 -99.4441 
177.831 280 -99.1982 
177.684 280 -98.9838 
177.541 280 -98.7763 
177.398 280 -98.5685 
177.28 280 -98.3967 
177.124 280 -98.182 
177.004 280 -98.0231 
176.84 280 -97.8147 
176.654 280 -97.5876 
176.488 280 -97.3926 
176.315 280 -97.1947 
176.136 280 -96.9964 
175.915 280 -96.7575 
175.663 280 -96.4946 
175.476 280 -96.3038 
175.202 280 -96.0312 
174.919 280 -95.7589 
174.706 280 -95.5581 
174.379 280 -95.2591 
174.166 280 -95.0678 
173.831 280 -94.7754 
173.58 280 -94.5604 
173.251 280 -94.2849 
172.996 280 -94.0742 
172.619 280 -93.7702 
172.336 280 -93.5453 
171.974 280 -93.2637 
171.543 280 -92.9345 
171.254 280 -92.7162 
170.846 280 -92.4137 
170.452 280 -92.1261 
169.958 280 -91.7717 
169.493 280 -91.4434 
169.001 280 -91.1017 
168.635 280 -90.8497 
168.067 280 -90.4658 
167.554 280 -90.1228 
167.205 280 -89.8917 
166.861 280 -89.6657 
166.472 280 -89.4128 
166.069 280 -89.153 
165.628 280 -88.8709 
165.056 280 -88.5098 
164.56 280 -88.199 
163.87 280 -87.7726 
163.458 280 -87.5195 
162.962 280 -87.2171 
162.319 280 -86.8299 
161.798 280 -86.5182 
161.28 280 -86.2105 
160.61 280 -85.8163 
159.94 280 -85.4253 
159.234 280 -85.0172 
158.732 280 -84.7288 
158.13 280 -84.3853 
157.382 280 -83.9618 
156.628 280 -83.5383 
155.991 280 -83.183 
155.495 280 -82.9076 
154.693 280 -82.4655 
153.914 280 -82.0389 
153.093 280 -81.593 
152.368 280 -81.2012 
151.755 280 -80.8717 
151.049 280 -80.4943 
150.273 280 -80.0821 
149.384 280 -79.6125 
148.52 280 -79.1588 
147.619 280 -78.6885 
146.679 280 -78.2013 
146.058 280 -77.8802 
145.303 280 -77.4919 
144.406 280 -77.0331 
143.367 280 -76.5045 
142.721 280 -76.177 
142.03 280 -75.8277 
141.136 280 -75.3763 
140.305 280 -74.9565 
139.493 280 -74.5465 
138.79 280 -74.1912 
137.905 280 -73.7445 
137.045 280 -73.3102 
136.428 280 -72.9985 
135.781 280 -72.6714 
134.982 280 -72.2681 
134.191 280 -71.8684 
133.547 280 -71.5433 
133.001 280 -71.2675 
132.284 280 -70.9054 
131.575 280 -70.5474 
131.062 280 -70.2882 
130.519 280 -70.0137 
129.945 280 -69.7237 
129.365 280 -69.431 
128.837 280 -69.1643 
128.279 280 -68.8826 
127.63 280 -68.5547 
127.238 280 -68.3567 
126.759 280 -68.1147 
126.194 280 -67.8292 
125.828 280 -67.6445 
125.364 280 -67.4101 
124.983 280 -67.2178 
124.538 280 -66.9928 
124.074 280 -66.7585 
123.776 280 -66.6079 
123.332 280 -66.3836 
123.062 280 -66.2475 
122.8 280 -66.1153 
122.482 280 -65.9542 
122.175 280 -65.7993 
121.841 280 -65.6306 
121.63 280 -65.5239 
121.435 280 -65.4254 
121.2 280 -65.3071 
120.983 280 -65.1973 
120.782 280 -65.0961 
120.624 280 -65.0162 
120.461 280 -64.9337 
120.308 280 -64.8563 
120.164 280 -64.7838 
120.03 280 -64.7161 
119.941 280 -64.6712 
119.849 280 -64.6245 
119.769 280 -64.5844 
119.682 280 -64.5318 
119.614 280 -64.4861 
119.518 280 -64.4146 
119.422 280 -64.3373 
119.322 280 -64.2509 
119.241 280 -64.1775 
119.117 280 -64.0577 
119.022 280 -63.963 
118.899 280 -63.8351 
118.793 280 -63.7209 
118.668 280 -63.5825 
118.531 280 -63.4256 
118.406 280 -63.2804 
118.241 280 -63.0819 
118.128 280 -62.9444 
117.994 280 -62.7775 
117.834 280 -62.5745 
117.687 280 -62.386 
117.536 280 -62.1891 
117.375 280 -61.9754 
117.178 280 -61.7083 
117.025 280 -61.4962 
116.839 280 -61.2354 
116.674 280 -60.9998 
116.458 280 -60.6848 
116.235 280 -60.3545 
116.069 280 -60.1058 
115.847 280 -59.768 
115.676 280 -59.503 
115.438 280 -59.1318 
115.272 280 -58.8699 
115.041 280 -58.4976 
114.876 280 -58.2292 
114.706 280 -57.9478 
114.496 280 -57.5959 
114.226 280 -57.13 
114.064 280 -56.8482 
113.885 280 -56.5296 
113.621 280 -56.0498 
113.37 280 -55.593 
113.157 280 -55.2069 
112.938 280 -54.8093 
112.778 280 -54.5173 
112.602 280 -54.1977 
112.435 280 -53.8945 
112.283 280 -53.6177 
112.105 280 -53.2853 
111.908 280 -52.9075 
111.757 280 -52.6115 
111.612 280 -52.3209 
111.445 280 -51.9807 
111.256 280 -51.5867 
111.05 280 -51.1453 
110.859 280 -50.7302 
110.655 280 -50.2755 
110.502 280 -49.9288 
110.291 280 -49.4424 
110.141 280 -49.0927 
109.993 280 -48.7463 
109.792 280 -48.2754 
109.653 280 -47.9498 
109.484 280 -47.5546 
109.317 280 -47.1641 
109.143 280 -46.7483 
109.014 280 -46.434 
108.848 280 -46.0219 
108.728 280 -45.7221 
108.583 280 -45.3507 
108.436 280 -44.9687 
108.28 280 -44.5573 
108.115 280 -44.1148 
107.934 280 -43.6199 
107.796 280 -43.2387 
107.608 280 -42.7072 
107.437 280 -42.2133 
107.292 280 -41.7952 
107.128 280 -41.3244 
107.001 280 -40.9572 
106.849 280 -40.5173 
106.746 280 -40.2211 
106.595 280 -39.787 
106.484 280 -39.4653 
106.347 280 -39.071 
106.205 280 -38.6609 
106.125 280 -38.4291 
106.031 280 -38.1591 
105.924 280 -37.8522 
105.815 280 -37.5358 
105.748 280 -37.3428 
105.676 280 -37.1344 
105.588 280 -36.8812 
105.517 280 -36.6761 
105.448 280 -36.4788 
105.407 280 -36.3608 
105.352 280 -36.2001 
105.322 280 -36.1144 
105.282 280 -35.9983 
105.259 280 -35.9336 
105.237 280 -35.8707 
105.223 280 -35.8285 
105.215 280 -35.8062 
105.211 280 -35.7938 
105.213 280 -35.8013 
105.218 280 -35.8 
105.227 280 -35.7909 
105.24 280 -35.7742 
105.259 280 -35.7446 
105.279 280 -35.7104 
105.311 280 -35.6545 
105.336 280 -35.6088 
105.371 280 -35.5455 
105.419 280 -35.4542 
105.455 280 -35.3851 
105.494 280 -35.3098 
105.544 280 -35.2103 
105.609 280 -35.0835 
105.666 280 -34.9703 
105.734 280 -34.8329 
105.793 280 -34.7149 
105.87 280 -34.5581 
105.942 280 -34.4135 
106.023 280 -34.2484 
106.123 280 -34.042 
106.195 280 -33.8956 
106.28 280 -33.7204 
106.384 280 -33.505 
106.482 280 -33.304 
106.597 280 -33.0652 
106.711 280 -32.8289 
106.836 280 -32.5684 
106.95 280 -32.3312 
107.063 280 -32.095 
107.19 280 -31.8311 
107.317 280 -31.565 
107.473 280 -31.2372 
107.628 280 -30.9122 
107.741 280 -30.6745 
107.89 280 -30.3627 
108.075 280 -29.9736 
108.269 280 -29.5638 
108.445 280 -29.1939 
108.602 280 -28.8621 
108.803 280 -28.4384 
108.959 280 -28.1079 
109.153 280 -27.6968 
109.364 280 -27.2503 
109.533 280 -26.8929 
109.756 280 -26.4211 
109.917 280 -26.0797 
110.157 280 -25.5707 
110.32 280 -25.2235 
110.568 280 -24.6964 
110.755 280 -24.3004 
111.015 280 -23.7463 
111.272 280 -23.1997 
111.47 280 -22.779 
111.786 280 -22.1059 
111.971 280 -21.7131 
112.205 280 -21.2132 
112.506 280 -20.5711 
112.789 280 -19.9649 
112.998 280 -19.5164 
113.311 280 -18.8423 
113.553 280 -18.3181 
113.892 280 -17.5833 
114.124 280 -17.0787 
114.454 280 -16.3601 
114.689 280 -15.8463 
115.011 280 -15.1419 
115.231 280 -14.659 
115.478 280 -14.1168 
115.82 280 -13.3621 
116.107 280 -12.7289 
116.428 280 -12.018 
116.703 280 -11.408 
117.061 280 -10.613 
117.346 280 -9.97849 
117.706 280 -9.17625 
117.957 280 -8.61519 
118.348 280 -7.74083 
118.644 280 -7.0794 
119.022 280 -6.2338 
119.283 280 -5.64883 
119.542 280 -5.06965 
119.845 280 -4.39018 
120.186 280 -3.62722 
120.512 280 -2.89476 
120.827 280 -2.1871 
121.19 280 -1.37351 
121.575 280 -0.5067 
122.004 280 0.457334 
122.314 280 1.155 
122.71 280 2.04538 
123.061 280 2.8353 
123.513 280 3.85304 
123.851 280 4.61579 
124.311 280 5.65359 
124.651 280 6.42033 
125.043 280 7.30508 
125.462 280 8.25111 
125.838 280 9.10016 
126.292 280 10.125 
126.761 280 11.186 
127.115 280 11.9852 
127.576 280 13.0284 
128.068 280 14.1422 
128.577 280 15.2961 
128.972 280 16.1897 
129.546 280 17.4911 
129.921 280 18.3402 
130.384 280 19.3915 
130.88 280 20.5171 
131.321 280 21.5171 
131.745 280 22.4799 
132.302 280 23.7443 
132.723 280 24.7011 
133.222 280 25.8338 
133.637 280 26.7787 
134.07 280 27.7622 
134.624 280 29.022 
135.021 280 29.9265 
135.632 280 31.315 
136.051 280 32.2705 
136.619 280 33.5635 
137.1 280 34.6589 
137.72 280 36.071 
138.146 280 37.0409 
138.707 280 38.32 
139.243 280 39.5418 
139.905 280 41.0511 
140.32 280 41.9987 
140.824 280 43.1496 
141.431 280 44.5344 
142.053 280 45.953 
142.496 280 46.9659 
142.98 280 48.0695 
143.608 280 49.5046 
144.066 280 50.55 
144.633 280 51.8432 
145.095 280 52.8982 
145.649 280 54.1629 
146.113 280 55.2218 
146.657 280 56.465 
147.049 280 57.3598 
147.619 280 58.6604 
148.048 280 59.6391 
148.578 280 60.85 
148.918 280 61.6251 
149.439 280 62.816 
149.93 280 63.936 
150.378 280 64.9594 
150.737 280 65.7773 
151.216 280 66.8721 
151.705 280 67.988 
152.068 280 68.8176 
152.513 280 69.8337 
152.821 280 70.535 
153.21 280 71.4245 
153.66 280 72.452 
153.995 280 73.2151 
154.348 280 74.022 
154.718 280 74.8674 
155.138 280 75.8251 
155.409 280 76.443 
155.67 280 77.0405 
156.09 280 77.9993 
156.465 280 78.8546 
156.768 280 79.5452 
157.034 280 80.1534 
157.4 280 80.9891 
157.713 280 81.7047 
157.946 280 82.2365 
158.176 280 82.7601 
158.408 280 83.2895 
158.708 280 83.9743 
158.93 280 84.4811 
159.219 280 85.1418 
159.482 280 85.743 
159.743 280 86.3388 
159.929 280 86.7613 
160.184 280 87.3449 
160.348 280 87.7179 
160.562 280 88.2067 
160.781 280 88.7072 
160.932 280 89.0514 
161.1 280 89.4353 
161.261 280 89.804 
161.425 280 90.1781 
161.581 280 90.549 
161.724 280 90.9051 
161.874 280 91.2917 
162.028 280 91.7091 
162.173 280 92.1173 
162.318 280 92.5462 
162.446 280 92.9373 
162.61 280 93.4639 
162.722 280 93.836 
162.878 280 94.381 
162.982 280 94.7538 
163.13 280 95.3161 
163.239 280 95.7428 
163.383 280 96.336 
163.532 280 96.9825 
163.625 280 97.3818 
163.757 280 97.9573 
163.852 280 98.3657 
163.963 280 98.8464 
164.057 280 99.2547 
164.163 280 99.7164 
164.246 280 100.073 
164.34 280 100.482 
164.409 280 100.781 
164.492 280 101.139 
164.576 280 101.507 
164.642 280 101.79 
164.711 280 102.09 
164.768 280 102.335 
164.831 280 102.611 
164.898 280 102.899 
164.967 280 103.199 
165.005 280 103.364 
165.046 280 103.543 
165.093 280 103.748 
165.131 280 103.909 
165.164 280 104.055 
165.192 280 104.176 
165.22 280 104.297 
165.245 280 104.439 
165.263 280 104.575 
165.276 280 104.712 
165.287 280 104.883 
165.291 280 105.042 
165.292 280 105.223 
165.289 280 105.383 
165.281 280 105.572 
165.269 280 105.77 
165.251 280 105.983 
165.225 280 106.247 
165.204 280 106.428 
165.175 280 106.653 
165.132 280 106.957 
165.086 280 107.248 
165.05 280 107.459 
165.004 280 107.719 
164.945 280 108.035 
164.896 280 108.283 
164.848 280 108.516 
164.792 280 108.785 
164.709 280 109.16 
164.619 280 109.55 
164.549 280 109.847 
164.472 280 110.165 
164.376 280 110.549 
164.274 280 110.945 
164.172 280 111.334 
164.087 280 111.651 
163.958 280 112.123 
163.829 280 112.587 
163.689 280 113.078 
163.57 280 113.49 
163.473 280 113.819 
163.317 280 114.339 
163.199 280 114.725 
163.044 280 115.221 
162.871 280 115.762 
162.742 280 116.16 
162.549 280 116.742 
162.411 280 117.156 
162.284 280 117.529 
162.145 280 117.935 
161.928 280 118.557 
161.76 280 119.035 
161.524 280 119.693 
161.366 280 120.13 
161.21 280 120.556 
160.982 280 121.174 
160.73 280 121.846 
160.506 280 122.439 
160.324 280 122.916 
160.148 280 123.374 
159.914 280 123.976 
159.615 280 124.74 
159.408 280 125.263 
159.126 280 125.972 
158.818 280 126.737 
158.495 280 127.532 
158.177 280 128.309 
157.937 280 128.89 
157.694 280 129.475 
157.341 280 130.311 
156.998 280 131.114 
156.738 280 131.717 
156.385 280 132.522 
156.097 280 133.172 
155.808 280 133.819 
155.524 280 134.452 
155.213 280 135.149 
154.978 280 135.674 
154.741 280 136.204 
154.438 280 136.881 
154.139 280 137.549 
153.896 280 138.093 
153.584 280 138.79 
153.292 280 139.442 
153.007 280 140.08 
152.802 280 140.537 
152.572 280 141.051 
152.31 280 141.638 
152.106 280 142.093 
151.857 280 142.651 
151.641 280 143.126 
151.376 280 143.699 
151.183 280 144.111 
150.937 280 144.629 
150.636 280 145.254 
150.41 280 145.717 
150.102 280 146.35 
149.909 280 146.745 
149.618 280 147.342 
149.356 280 147.881 
149.07 280 148.467 
148.848 280 148.922 
148.604 280 149.422 
148.364 280 149.905 
148.187 280 150.258 
147.92 280 150.779 
147.712 280 151.18 
147.435 280 151.708 
147.193 280 152.162 
146.898 280 152.709 
146.588 280 153.275 
146.357 280 153.697 
146.046 280 154.266 
145.853 280 154.619 
145.635 280 155.017 
145.375 280 155.493 
145.1 280 155.995 
144.95 280 156.269 
144.719 280 156.691 
144.508 280 157.076 
144.297 280 157.462 
144.111 280 157.802 
143.972 280 158.057 
143.807 280 158.358 
143.672 280 158.605 
143.536 280 158.853 
143.423 280 159.06 
143.309 280 159.269 
143.205 280 159.458 
143.116 280 159.62 
143.012 280 159.811 
142.938 280 159.945 
142.857 280 160.094 
142.79 280 160.216 
142.739 280 160.31 
142.68 280 160.417 
142.635 280 160.5 
142.6 280 160.563 
142.575 280 160.609 
142.555 280 160.646 
142.546 280 160.663 
142.545 280 160.664 
142.55 280 160.655 
142.546 280 160.663 
142.549 280 160.657 
142.543 280 160.668 
142.548 280 160.659 
142.546 280 160.663 
142.552 280 160.651 
142.547 280 160.644 
142.536 280 160.642 
142.516 280 160.643 
142.49 280 160.648 
142.451 280 160.657 
142.391 280 160.675 
142.345 280 160.689 
142.289 280 160.708 
142.201 280 160.739 
142.124 280 160.766 
142.024 280 160.804 
141.94 280 160.835 
141.831 280 160.878 
141.704 280 160.927 
141.574 280 160.978 
141.435 280 161.034 
141.293 280 161.092 
141.117 280 161.163 
140.933 280 161.239 
140.748 280 161.315 
140.577 280 161.386 
140.356 280 161.479 
140.169 280 161.557 
139.943 280 161.653 
139.748 280 161.737 
139.462 280 161.861 
139.249 280 161.955 
138.999 280 162.067 
138.718 280 162.194 
138.47 280 162.307 
138.172 280 162.444 
137.873 280 162.584 
137.574 280 162.724 
137.284 280 162.861 
136.935 280 163.028 
136.629 280 163.175 
136.289 280 163.339 
135.999 280 163.48 
135.69 280 163.631 
135.288 280 163.829 
134.98 280 163.981 
134.641 280 164.149 
134.32 280 164.309 
133.851 280 164.544 
133.504 280 164.718 
133.02 280 164.963 
132.674 280 165.138 
132.278 280 165.34 
131.809 280 165.579 
131.394 280 165.792 
130.892 280 166.05 
130.503 280 166.25 
130.024 280 166.498 
129.491 280 166.775 
129.124 280 166.965 
128.75 280 167.16 
128.321 280 167.384 
127.851 280 167.63 
127.293 280 167.923 
126.751 280 168.208 
126.336 280 168.426 
125.865 280 168.675 
125.273 280 168.988 
124.745 280 169.268 
124.042 280 169.642 
123.564 280 169.896 
122.978 280 170.209 
122.354 280 170.542 
121.691 280 170.897 
121.217 280 171.151 
120.679 280 171.44 
120.056 280 171.775 
119.44 280 172.107 
118.736 280 172.486 
118.186 280 172.783 
117.509 280 173.15 
116.779 280 173.545 
116.129 280 173.898 
115.529 280 174.224 
114.767 280 174.638 
114.039 280 175.034 
113.26 280 175.459 
112.584 280 175.828 
112.011 280 176.141 
111.291 280 176.535 
110.397 280 177.024 
109.669 280 177.423 
109.019 280 177.78 
108.094 280 178.288 
107.411 280 178.664 
106.568 280 179.128 
105.564 280 179.681 
104.832 280 180.085 
103.917 280 180.59 
102.966 280 181.115 
102.226 280 181.525 
101.444 280 181.957 
100.537 280 182.458 
99.6464 280 182.95 
99.024 280 183.294 
98.2375 280 183.729 
97.4221 280 184.179 
96.7881 280 184.53 
95.9937 280 184.969 
95.3833 280 185.306 
94.6942 280 185.687 
93.9458 280 186.1 
93.1946 280 186.516 
92.7084 280 186.784 
92.0069 280 187.172 
91.3453 280 187.538 
90.8549 280 187.809 
90.2343 280 188.152 
89.7945 280 188.395 
89.2481 280 188.697 
88.7669 280 188.962 
88.3061 280 189.217 
87.9434 280 189.418 
87.3755 280 189.731 
86.9984 280 189.94 
86.4822 280 190.225 
86.1235 280 190.423 
85.8134 280 190.595 
85.3332 280 190.86 
85.0403 280 191.022 
84.5911 280 191.27 
84.3018 280 191.43 
83.948 280 191.626 
83.5929 280 191.822 
83.2384 280 192.018 
83.0068 280 192.146 
82.7672 280 192.278 
82.4559 280 192.45 
82.2393 280 192.57 
81.9831 280 192.711 
81.7258 280 192.854 
81.5503 280 192.951 
81.3499 280 193.061 
81.1871 280 193.151 
81.0101 280 193.249 
80.8937 280 193.314 
80.7534 280 193.387 
80.559 280 193.481 
80.3713 280 193.567 
80.2309 280 193.628 
79.9921 280 193.727 
79.8045 280 193.801 
79.5575 280 193.894 
79.3244 280 193.978 
79.1191 280 194.049 
78.8504 280 194.138 
78.5425 280 194.236 
78.3321 280 194.302 
77.9996 280 194.4 
77.7341 280 194.477 
77.3803 280 194.576 
77.1412 280 194.641 
76.9079 280 194.703 
76.5837 280 194.786 
76.1236 280 194.901 
75.837 280 194.971 
75.4808 280 195.056 
74.9947 280 195.167 
74.6979 280 195.234 
74.3113 280 195.32 
73.9353 280 195.401 
73.6011 280 195.472 
73.1567 280 195.564 
72.688 280 195.659 
72.1079 280 195.773 
71.584 280 195.874 
71.0282 280 195.979 
70.6342 280 196.052 
70.0075 280 196.165 
69.6352 280 196.232 
69.2147 280 196.306 
68.6466 280 196.404 
68.1254 280 196.493 
67.6473 280 196.573 
67.0725 280 196.668 
66.5332 280 196.756 
65.7689 280 196.877 
65.0905 280 196.983 
64.6365 280 197.054 
64.0497 280 197.143 
63.3781 280 197.244 
62.7871 280 197.332 
62.1752 280 197.421 
61.5311 280 197.514 
60.9481 280 197.597 
60.2137 280 197.701 
59.5927 280 197.787 
59.008 280 197.867 
58.2761 280 197.967 
57.3855 280 198.086 
56.824 280 198.16 
55.8627 280 198.286 
55.2594 280 198.364 
54.2796 280 198.489 
53.6342 280 198.57 
52.9846 280 198.651 
51.9618 280 198.776 
51.339 280 198.85 
50.6287 280 198.933 
49.6798 280 199.04 
49.0528 280 199.11 
48.2583 280 199.196 
47.3249 280 199.294 
46.5418 280 199.374 
45.6731 280 199.46 
44.7403 280 199.55 
43.9199 280 199.63 
43.0186 280 199.717 
42.2967 280 199.787 
41.4099 280 199.872 
40.6267 280 199.946 
39.7694 280 200.024 
39.0588 280 200.087 
38.2458 280 200.157 
37.3306 280 200.234 
36.5336 280 200.298 
35.5899 280 200.373 
34.7199 280 200.439 
33.5564 280 200.524 
32.8437 280 200.575 
32.0161 280 200.632 
31.1736 280 200.689 
29.9419 280 200.769 
28.7381 280 200.843 
27.618 280 200.91 
26.8209 280 200.956 
25.8802 280 201.009 
24.7702 280 201.069 
23.9206 280 201.113 
23.033 280 201.156 
21.6949 280 201.217 
20.8951 280 201.252 
19.8654 280 201.294 
18.7787 280 201.335 
17.9329 280 201.365 
16.8982 280 201.4 
15.5395 280 201.446 
14.7166 280 201.473 
13.9149 280 201.5 
12.6287 280 201.543 
11.8465 280 201.568 
11.0941 280 201.59 
10.1071 280 201.616 
9.0977 280 201.641 
8.24733 280 201.66 
7.10841 280 201.683 
5.73842 280 201.706 
4.8982 280 201.718 
4.02695 280 201.73 
2.89564 280 201.742 
1.77621 280 201.751 
0.776205 280 201.758 
-0.212921 280 201.762 
-1.36552 280 201.765 
-2.40073 280 201.765 
-3.89144 280 201.762 
-5.08488 280 201.76 
-6.49872 280 201.757 
-7.35783 280 201.755 
-8.39523 280 201.753 
-9.78246 280 201.75 
-10.9848 280 201.747 
-11.8775 280 201.745 
-12.9599 280 201.743 
-13.9431 280 201.741 
-14.8153 280 201.739 
-15.8657 280 201.737 
-16.762 280 201.735 
-17.7698 280 201.732 
-18.9215 280 201.73 
-19.6156 280 201.729 
-20.3783 280 201.727 
-21.3498 280 201.725 
-22.0214 280 201.723 
-22.8224 280 201.722 
-23.6161 280 201.72 
-24.4378 280 201.718 
-25.1206 280 201.717 
-25.7479 280 201.715 
-26.5589 280 201.714 
-27.2964 280 201.712 
-28.0642 280 201.71 
-28.6334 280 201.709 
-29.295 280 201.708 
-30.0421 280 201.706 
-30.5962 280 201.705 
-31.357 280 201.703 
-32.0552 280 201.702 
-32.5616 280 201.697 
-33.1064 280 201.688 
-33.8149 280 201.669 
-34.5406 280 201.644 
-35.079 280 201.622 
-35.8382 280 201.583 
-36.6197 280 201.538 
-37.1547 280 201.503 
-37.9355 280 201.447 
-38.5233 280 201.401 
-39.2929 280 201.336 
-39.8405 280 201.287 
-40.4701 280 201.227 
-41.3029 280 201.142 
-41.9226 280 201.076 
-42.71 280 200.987 
-43.3574 280 200.911 
-44.112 280 200.818 
-44.8013 280 200.73 
-45.6999 280 200.61 
-46.3687 280 200.518 
-47.2068 280 200.398 
-48.1087 280 200.264 
-48.7971 280 200.159 
-49.674 280 200.02 
-50.3362 280 199.913 
-51.1345 280 199.779 
-52.1157 280 199.608 
-53.0056 280 199.453 
-53.8764 280 199.301 
-54.6748 280 199.162 
-55.4161 280 199.032 
-56.312 280 198.876 
-56.9186 280 198.77 
-57.7798 280 198.62 
-58.3672 280 198.514 
-59.1347 280 198.371 
-59.7096 280 198.261 
-60.5988 280 198.083 
-61.246 280 197.951 
-62.1428 280 197.761 
-62.773 280 197.625 
-63.4779 280 197.468 
-64.3955 280 197.259 
-65.2952 280 197.048 
-66.005 280 196.878 
-66.7709 280 196.69 
-67.6888 280 196.461 
-68.4237 280 196.274 
-69.4039 280 196.024 
-70.0234 280 195.866 
-70.714 280 195.69 
-71.5679 280 195.473 
-72.2265 280 195.305 
-73.0345 280 195.099 
-73.8234 280 194.898 
-74.6178 280 194.696 
-75.403 280 194.496 
-76.1159 280 194.314 
-76.8304 280 194.132 
-77.5183 280 193.957 
-78.0303 280 193.827 
-78.7552 280 193.642 
-79.2366 280 193.52 
-79.8697 280 193.358 
-80.3688 280 193.226 
-81.0351 280 193.041 
-81.4901 280 192.91 
-82.1541 280 192.712 
-82.6531 280 192.559 
-83.3399 280 192.339 
-83.8446 280 192.174 
-84.5393 280 191.939 
-85.0885 280 191.748 
-85.7629 280 191.514 
-86.2516 280 191.345 
-86.775 280 191.163 
-87.3212 280 190.974 
-87.7955 280 190.809 
-88.3545 280 190.615 
-88.9442 280 190.411 
-89.4825 280 190.224 
-89.8904 280 190.082 
-90.3909 280 189.909 
-90.735 280 189.789 
-91.1276 280 189.653 
-91.5335 280 189.512 
-91.9046 280 189.383 
-92.1901 280 189.284 
-92.5261 280 189.168 
-92.8773 280 189.046 
-93.2374 280 188.921 
-93.4657 280 188.842 
-93.7957 280 188.727 
-94.016 280 188.651 
-94.2719 280 188.562 
-94.5443 280 188.468 
-94.7111 280 188.41 
-94.9108 280 188.336 
-95.197 280 188.22 
-95.3631 280 188.151 
-95.5376 280 188.075 
-95.7428 280 187.982 
-96.01 280 187.855 
-96.2482 280 187.737 
-96.5586 280 187.578 
-96.7757 280 187.463 
-97.0929 280 187.29 
-97.4241 280 187.104 
-97.6603 280 186.968 
-97.9441 280 186.801 
-98.29 280 186.593 
-98.5387 280 186.44 
-98.8348 280 186.256 
-99.1703 280 186.042 
-99.4896 280 185.836 
-99.8409 280 185.605 
-100.237 280 185.339 
-100.562 280 185.119 
-100.976 280 184.833 
-101.385 280 184.546 
-101.701 280 184.32 
-102.16 280 183.988 
-102.437 280 183.784 
-102.767 280 183.539 
-103.221 280 183.198 
-103.671 280 182.854 
-103.976 280 182.619 
-104.328 280 182.344 
-104.781 280 181.985 
-105.271 280 181.589 
-105.637 280 181.29 
-106.14 280 180.869 
-106.653 280 180.431 
-107.147 280 180.001 
-107.535 280 179.658 
-107.915 280 179.318 
-108.389 280 178.885 
-108.828 280 178.479 
-109.265 280 178.068 
-109.694 280 177.658 
-110.072 280 177.294 
-110.628 280 176.748 
-111.012 280 176.367 
-111.476 280 175.9 
-111.982 280 175.385 
-112.428 280 174.925 
-112.962 280 174.367 
-113.531 280 173.763 
-113.929 280 173.338 
-114.517 280 172.7 
-115.029 280 172.139 
-115.459 280 171.663 
-116.03 280 171.023 
-116.412 280 170.592 
-117.04 280 169.874 
-117.506 280 169.337 
-118.157 280 168.578 
-118.747 280 167.882 
-119.348 280 167.166 
-119.944 280 166.45 
-120.479 280 165.801 
-121.111 280 165.026 
-121.575 280 164.454 
-122.223 280 163.648 
-122.668 280 163.09 
-123.082 280 162.567 
-123.751 280 161.716 
-124.252 280 161.075 
-124.814 280 160.35 
-125.322 280 159.691 
-125.804 280 159.062 
-126.472 280 158.182 
-126.991 280 157.494 
-127.617 280 156.665 
-128.245 280 155.833 
-128.713 280 155.214 
-129.279 280 154.465 
-129.857 280 153.698 
-130.309 280 153.1 
-130.886 280 152.336 
-131.432 280 151.612 
-132.034 280 150.816 
-132.602 280 150.063 
-132.945 280 149.61 
-133.493 280 148.883 
-133.918 280 148.32 
-134.326 280 147.78 
-134.791 280 147.164 
-135.143 280 146.698 
-135.542 280 146.169 
-135.866 280 145.74 
-136.227 280 145.262 
-136.597 280 144.772 
-136.976 280 144.27 
-137.297 280 143.846 
-137.642 280 143.388 
-137.936 280 142.999 
-138.29 280 142.53 
-138.563 280 142.169 
-138.859 280 141.776 
-139.114 280 141.438 
-139.359 280 141.115 
-139.638 280 140.745 
-139.923 280 140.368 
-140.1 280 140.133 
-140.338 280 139.818 
-140.555 280 139.53 
-140.729 280 139.3 
-140.883 280 139.096 
-141.066 280 138.854 
-141.266 280 138.589 
-141.414 280 138.393 
-141.579 280 138.174 
-141.69 280 138.027 
-141.792 280 137.893 
-141.905 280 137.743 
-142.045 280 137.557 
-142.156 280 137.41 
-142.232 280 137.31 
-142.313 280 137.202 
-142.385 280 137.107 
-142.45 280 137.021 
-142.487 280 136.972 
-142.525 280 136.921 
-142.55 280 136.888 
-142.559 280 136.877 
-142.565 280 136.86 
-142.574 280 136.824 
-142.585 280 136.768 
-142.591 280 136.727 
-142.602 280 136.648 
-142.612 280 136.56 
-142.624 280 136.444 
-142.635 280 136.325 
-142.647 280 136.189 
-142.659 280 136.046 
-142.667 280 135.937 
-142.677 280 135.81 
-142.689 280 135.637 
-142.702 280 135.443 
-142.713 280 135.28 
-142.726 280 135.082 
-142.74 280 134.848 
-142.756 280 134.583 
-142.766 280 134.399 
-142.782 280 134.127 
-142.793 280 133.92 
-142.808 280 133.651 
-142.822 280 133.373 
-142.834 280 133.155 
-142.848 280 132.872 
-142.866 280 132.525 
-142.883 280 132.177 
-142.896 280 131.918 
-142.911 280 131.6 
-142.929 280 131.215 
-142.943 280 130.922 
-142.96 280 130.565 
-142.972 280 130.3 
-142.988 280 129.971 
-143.002 280 129.66 
-143.013 280 129.438 
-143.024 280 129.204 
-143.035 280 128.967 
-143.044 280 128.759 
-143.056 280 128.521 
-143.063 280 128.375 
-143.072 280 128.213 
-143.087 280 127.952 
-143.099 280 127.756 
-143.114 280 127.526 
-143.129 280 127.309 
-143.15 280 127.014 
-143.166 280 126.799 
-143.186 280 126.535 
-143.208 280 126.262 
-143.229 280 125.999 
-143.253 280 125.698 
-143.281 280 125.366 
-143.315 280 124.973 
-143.338 280 124.712 
-143.374 280 124.304 
-143.402 280 124.001 
-143.442 280 123.563 
-143.469 280 123.28 
-143.515 280 122.824 
-143.552 280 122.468 
-143.604 280 121.994 
-143.643 280 121.64 
-143.701 280 121.137 
-143.746 280 120.764 
-143.81 280 120.238 
-143.881 280 119.675 
-143.944 280 119.182 
-144.002 280 118.739 
-144.08 280 118.153 
-144.137 280 117.725 
-144.194 280 117.298 
-144.273 280 116.713 
-144.34 280 116.212 
-144.429 280 115.556 
-144.509 280 114.957 
-144.569 280 114.516 
-144.66 280 113.837 
-144.728 280 113.336 
-144.796 280 112.831 
-144.892 280 112.12 
-144.963 280 111.595 
-145.052 280 110.933 
-145.146 280 110.242 
-145.242 280 109.528 
-145.318 280 108.97 
-145.422 280 108.199 
-145.529 280 107.408 
-145.602 280 106.874 
-145.675 280 106.336 
-145.78 280 105.564 
-145.892 280 104.737 
-145.991 280 104.007 
-146.103 280 103.181 
-146.191 280 102.54 
-146.31 280 101.658 
-146.396 280 101.028 
-146.508 280 100.205 
-146.629 280 99.3214 
-146.725 280 98.61 
-146.851 280 97.6867 
-146.951 280 96.9571 
-147.087 280 95.9537 
-147.185 280 95.2352 
-147.309 280 94.3325 
-147.453 280 93.2749 
-147.572 280 92.4012 
-147.69 280 91.5375 
-147.826 280 90.5327 
-147.929 280 89.768 
-148.084 280 88.6183 
-148.179 280 87.9114 
-148.298 280 87.0213 
-148.457 280 85.8314 
-148.562 280 85.0393 
-148.699 280 84.0085 
-148.845 280 82.908 
-148.964 280 82.0022 
-149.113 280 80.8713 
-149.276 280 79.6237 
-149.441 280 78.3603 
-149.546 280 77.5503 
-149.661 280 76.6622 
-149.839 280 75.258 
-149.943 280 74.4363 
-150.117 280 73.0354 
-150.225 280 72.1511 
-150.365 280 70.9999 
-150.5 280 69.878 
-150.63 280 68.7872 
-150.742 280 67.8407 
-150.903 280 66.4529 
-151.027 280 65.3804 
-151.161 280 64.2042 
-151.316 280 62.8338 
-151.418 280 61.9178 
-151.54 280 60.8222 
-151.682 280 59.5229 
-151.816 280 58.274 
-151.934 280 57.1635 
-152.042 280 56.1457 
-152.14 280 55.2227 
-152.264 280 54.0503 
-152.415 280 52.6276 
-152.506 280 51.767 
-152.609 280 50.7913 
-152.749 280 49.4684 
-152.88 280 48.2398 
-153.005 280 47.0555 
-153.091 280 46.2399 
-153.194 280 45.27 
-153.311 280 44.1389 
-153.422 280 43.0439 
-153.547 280 41.7857 
-153.637 280 40.8603 
-153.747 280 39.7066 
-153.847 280 38.6242 
-153.962 280 37.3603 
-154.048 280 36.3974 
-154.163 280 35.0745 
-154.247 280 34.0912 
-154.332 280 33.0885 
-154.442 280 31.7379 
-154.523 280 30.7289 
-154.634 280 29.3133 
-154.747 280 27.8325 
-154.818 280 26.8815 
-154.899 280 25.7868 
-155.007 280 24.2756 
-155.087 280 23.1332 
-155.16 280 22.069 
-155.258 280 20.607 
-155.326 280 19.57 
-155.406 280 18.3293 
-155.478 280 17.2145 
-155.536 280 16.3024 
-155.609 280 15.1672 
-155.704 280 13.6969 
-155.771 280 12.6614 
-155.844 280 11.5134 
-155.923 280 10.2925 
-155.991 280 9.23001 
-156.079 280 7.87221 
-156.139 280 6.94207 
-156.196 280 6.05297 
-156.252 280 5.17813 
-156.316 280 4.17836 
-156.394 280 2.96819 
-156.469 280 1.80082 
-156.545 280 0.627991 
-156.599 280 -0.22182 
-156.666 280 -1.25036 
-156.73 280 -2.25495 
-156.799 280 -3.32442 
-156.854 280 -4.18528 
-156.929 280 -5.29614 
-156.997 280 -6.28713 
-157.048 280 -7.00874 
-157.107 280 -7.83638 
-157.174 280 -8.78337 
-157.238 280 -9.6871 
-157.288 280 -10.3928 
-157.355 280 -11.334 
-157.403 280 -12.0082 
-157.465 280 -12.8783 
-157.505 280 -13.4469 
-157.55 280 -14.0839 
-157.611 280 -14.9484 
-157.654 280 -15.5475 
-157.691 280 -16.0743 
-157.75 280 -16.8969 
-157.789 280 -17.4566 
-157.843 280 -18.2064 
-157.881 280 -18.7417 
-157.922 280 -19.3253 
-157.965 280 -19.9322 
-158.009 280 -20.5506 
-158.045 280 -21.0591 
-158.08 280 -21.5538 
-158.116 280 -22.0546 
-158.157 280 -22.6365 
